solver=ha_m
n_hidden_layers=0
examples_per_class=3
examples_skip=0
time_out=5
cp_total_time=0.0008815487225850423
cp_is_sat=True
cp_num_branches=117
cp_num_vars=123
mip_is_sat=True
mip_objective=856.0
mip_bound=856.0
mip_gap=0.0
mip_is_optimal=True
mip_num_nodes=131.0
mip_num_vars=123
cp_weights=[[[0.0, 1.0, 1.0], [0.0, 0.0, 0.0], [1.0, 1.0, -1.0], [1.0, 0.0, 0.0], [-1.0, -1.0, 1.0], [0.0, 0.0, -1.0], [0.0, -1.0, 0.0], [1.0, 0.0, 1.0], [1.0, 1.0, 1.0], [1.0, 1.0, -1.0], [1.0, 1.0, 1.0], [1.0, -1.0, 0.0], [-1.0, 0.0, -1.0], [-1.0, 1.0, 0.0], [1.0, -1.0, -1.0], [-1.0, 1.0, -1.0], [1.0, 1.0, 1.0], [-1.0, -1.0, 1.0], [-1.0, 0.0, 1.0], [-1.0, 1.0, 0.0], [-1.0, 0.0, 1.0], [1.0, 1.0, -1.0], [1.0, 0.0, 1.0], [1.0, 0.0, -1.0], [-1.0, -1.0, 1.0], [0.0, 1.0, 0.0], [-1.0, 1.0, -1.0], [1.0, 1.0, 1.0], [1.0, 0.0, 1.0], [-1.0, 0.0, -1.0], [0.0, 1.0, 0.0], [0.0, 0.0, -1.0], [1.0, 1.0, 1.0], [0.0, -1.0, 0.0], [-1.0, 0.0, 0.0], [1.0, 1.0, 0.0], [-1.0, 1.0, 1.0], [0.0, 0.0, 1.0], [-1.0, -1.0, -1.0], [0.0, 1.0, 1.0], [0.0, 0.0, 0.0], [0.0, 0.0, 0.0], [0.0, 0.0, 0.0], [0.0, 0.0, 0.0], [0.0, 0.0, 0.0], [0.0, 0.0, 0.0], [0.0, 0.0, 0.0], [0.0, 0.0, 0.0], [0.0, 0.0, 0.0], [0.0, 0.0, 0.0]]]
cp_biases=[[0.0, 0.0, 1.0]]
total_time=0.006499596436818441
is_sat=True
train_performance=1.0
test_performance=0.7375
weights=[[[-1.0, 1.0, -1.0], [1.0, 1.0, 0.0], [1.0, 1.0, -1.0], [1.0, 1.0, 0.0], [-1.0, 1.0, -1.0], [1.0, 1.0, -1.0], [-1.0, 1.0, 1.0], [1.0, 1.0, 1.0], [1.0, 1.0, 1.0], [1.0, 1.0, 1.0], [1.0, 1.0, 1.0], [0.0, 1.0, 1.0], [-1.0, 1.0, -1.0], [1.0, 1.0, -1.0], [1.0, 1.0, -1.0], [-1.0, 1.0, -1.0], [-1.0, 1.0, 1.0], [-1.0, 1.0, -1.0], [-1.0, 1.0, 1.0], [1.0, 1.0, 1.0], [-1.0, 1.0, -1.0], [-1.0, 1.0, -1.0], [1.0, 1.0, -1.0], [-1.0, 1.0, 0.0], [-1.0, 1.0, 1.0], [-1.0, 1.0, 1.0], [0.0, 1.0, 1.0], [1.0, 1.0, 1.0], [1.0, 1.0, 1.0], [1.0, 1.0, 1.0], [1.0, 1.0, 1.0], [1.0, 1.0, 1.0], [1.0, 1.0, 1.0], [1.0, 1.0, 1.0], [1.0, 1.0, 1.0], [1.0, 1.0, 1.0], [1.0, 1.0, 1.0], [1.0, 1.0, 1.0], [1.0, 1.0, 1.0], [1.0, 1.0, 1.0], [0.0, 0.0, 0.0], [0.0, 0.0, 0.0], [0.0, 0.0, 0.0], [0.0, 0.0, 0.0], [0.0, 0.0, 0.0], [0.0, 0.0, 0.0], [0.0, 0.0, 0.0], [0.0, 0.0, 0.0], [0.0, 0.0, 0.0], [0.0, 0.0, 0.0]]]
biases=[[-0.0, 1.0, -1.0]]
