solver=hw_w
n_hidden_layers=0
examples_per_class=2
examples_skip=0
time_out=5
cp_total_time=0.0007851839065551758
cp_is_sat=True
cp_num_branches=116
cp_num_vars=123
mip_is_sat=True
mip_objective=9.0
mip_bound=9.0
mip_gap=0.0
mip_is_optimal=True
mip_num_nodes=81.0
mip_num_vars=369
cp_weights=[[[0.0, 0.0, 1.0], [0.0, 0.0, 0.0], [0.0, 1.0, -1.0], [1.0, 0.0, 1.0], [-1.0, 0.0, 1.0], [1.0, 0.0, -1.0], [-1.0, -1.0, 0.0], [1.0, 0.0, -1.0], [1.0, 1.0, 1.0], [1.0, 1.0, 0.0], [1.0, 1.0, 1.0], [0.0, 1.0, 1.0], [1.0, 0.0, 0.0], [-1.0, 1.0, 0.0], [1.0, -1.0, -1.0], [0.0, 1.0, 0.0], [1.0, 1.0, 1.0], [-1.0, -1.0, 0.0], [1.0, 1.0, 1.0], [1.0, -1.0, 1.0], [-1.0, 0.0, -1.0], [1.0, -1.0, -1.0], [1.0, 0.0, 1.0], [-1.0, 0.0, -1.0], [1.0, -1.0, 0.0], [0.0, 1.0, 1.0], [-1.0, -1.0, -1.0], [0.0, 0.0, 1.0], [0.0, -1.0, -1.0], [-1.0, 0.0, 1.0], [0.0, 1.0, 1.0], [0.0, -1.0, -1.0], [-1.0, -1.0, -1.0], [0.0, 1.0, -1.0], [-1.0, 0.0, 0.0], [-1.0, -1.0, 0.0], [-1.0, 1.0, 1.0], [0.0, 1.0, 1.0], [-1.0, -1.0, -1.0], [1.0, 1.0, 1.0], [0.0, 0.0, 0.0], [0.0, 0.0, 0.0], [0.0, 0.0, 0.0], [0.0, 0.0, 0.0], [0.0, 0.0, 0.0], [0.0, 0.0, 0.0], [0.0, 0.0, 0.0], [0.0, 0.0, 0.0], [0.0, 0.0, 0.0], [0.0, 0.0, 0.0]]]
cp_biases=[[-1.0, -1.0, 0.0]]
total_time=0.010622056325276692
is_sat=True
train_performance=0.16666667
test_performance=0.234
weights=[[[0.0, 0.0, 0.0], [0.0, 0.0, 0.0], [0.0, 0.0, 0.0], [0.0, 0.0, 0.0], [0.0, 0.0, 0.0], [0.0, 0.0, 0.0], [0.0, 0.0, 0.0], [0.0, 0.0, 0.0], [0.0, 0.0, 0.0], [0.0, 0.0, 0.0], [0.0, 0.0, 0.0], [0.0, 0.0, 0.0], [0.0, 0.0, 0.0], [0.0, 0.0, 0.0], [0.0, 0.0, 0.0], [-1.0, -1.0, -1.0], [0.0, 0.0, 0.0], [1.0, 1.0, 1.0], [0.0, 0.0, 0.0], [0.0, 0.0, 0.0], [0.0, 0.0, 0.0], [0.0, 0.0, 0.0], [0.0, 0.0, 0.0], [0.0, 0.0, 0.0], [0.0, 0.0, 0.0], [0.0, 0.0, 0.0], [0.0, 0.0, 0.0], [0.0, 0.0, 0.0], [0.0, 0.0, 0.0], [0.0, 0.0, 0.0], [0.0, 0.0, 0.0], [0.0, 0.0, 0.0], [0.0, 0.0, 0.0], [0.0, 0.0, 0.0], [0.0, 0.0, 0.0], [0.0, 0.0, 0.0], [0.0, 0.0, 0.0], [0.0, 0.0, 0.0], [0.0, 0.0, 0.0], [0.0, 0.0, 0.0], [0.0, 0.0, 0.0], [0.0, 0.0, 0.0], [0.0, 0.0, 0.0], [0.0, 0.0, 0.0], [0.0, 0.0, 0.0], [0.0, 0.0, 0.0], [0.0, 0.0, 0.0], [0.0, 0.0, 0.0], [0.0, 0.0, 0.0], [0.0, 0.0, 0.0]]]
biases=[[-1.0, -1.0, -1.0]]
