solver=ha_m
n_hidden_layers=0
examples_per_class=1
examples_skip=0
time_out=5
cp_total_time=0.0005050460497538249
cp_is_sat=True
cp_num_branches=106
cp_num_vars=105
mip_is_sat=True
mip_objective=509.0
mip_bound=509.0
mip_gap=0.0
mip_is_optimal=True
mip_num_nodes=0.0
mip_num_vars=105
cp_weights=[[[1.0, 0.0, 0.0], [1.0, -1.0, 1.0], [0.0, -1.0, 1.0], [0.0, 1.0, -1.0], [0.0, 1.0, 0.0], [1.0, 0.0, 1.0], [0.0, -1.0, 0.0], [1.0, 0.0, 0.0], [1.0, -1.0, 1.0], [-1.0, 1.0, 1.0], [1.0, 0.0, 1.0], [-1.0, 1.0, 0.0], [0.0, 1.0, 1.0], [0.0, 1.0, 1.0], [1.0, -1.0, 0.0], [0.0, 1.0, 1.0], [-1.0, 1.0, 0.0], [0.0, -1.0, 0.0], [-1.0, -1.0, 1.0], [-1.0, -1.0, -1.0], [1.0, -1.0, 0.0], [0.0, 0.0, 0.0], [-1.0, 1.0, 1.0], [-1.0, -1.0, -1.0], [1.0, -1.0, -1.0], [0.0, 0.0, 1.0], [1.0, 1.0, 1.0], [1.0, 1.0, 1.0], [1.0, 1.0, -1.0], [-1.0, 0.0, 0.0], [0.0, 1.0, 0.0], [-1.0, 0.0, 1.0], [1.0, 1.0, -1.0], [0.0, 0.0, -1.0], [0.0, 0.0, 0.0], [0.0, 0.0, 0.0], [0.0, 0.0, 0.0], [0.0, 0.0, 0.0], [0.0, 0.0, 0.0], [0.0, 0.0, 0.0], [0.0, 0.0, 0.0], [0.0, 0.0, 0.0], [0.0, 0.0, 0.0], [0.0, 0.0, 0.0], [0.0, 0.0, 0.0], [0.0, 0.0, 0.0], [0.0, 0.0, 0.0], [0.0, 0.0, 0.0], [0.0, 0.0, 0.0], [0.0, 0.0, 0.0]]]
cp_biases=[[1.0, 1.0, 0.0]]
total_time=0.007385516166687011
is_sat=True
train_performance=1.0
test_performance=0.871
weights=[[[1.0, -1.0, 1.0], [1.0, -1.0, 1.0], [1.0, -1.0, 1.0], [1.0, -1.0, 1.0], [1.0, -1.0, 1.0], [1.0, -1.0, 1.0], [1.0, 1.0, 1.0], [1.0, 1.0, 1.0], [1.0, 1.0, 1.0], [1.0, 1.0, 1.0], [1.0, 1.0, 1.0], [1.0, 1.0, 1.0], [1.0, 1.0, 1.0], [1.0, 1.0, 1.0], [1.0, 1.0, 1.0], [1.0, 1.0, 1.0], [1.0, 1.0, 1.0], [1.0, 1.0, 1.0], [1.0, 1.0, 1.0], [1.0, 1.0, 1.0], [1.0, 1.0, 1.0], [1.0, 1.0, 1.0], [1.0, 1.0, 1.0], [1.0, 1.0, 1.0], [1.0, 1.0, 1.0], [1.0, 1.0, 1.0], [1.0, 1.0, 1.0], [1.0, 1.0, 1.0], [1.0, 1.0, 1.0], [1.0, 1.0, 1.0], [1.0, 1.0, 1.0], [1.0, 1.0, 1.0], [1.0, 1.0, 1.0], [1.0, 1.0, 1.0], [0.0, 0.0, 0.0], [0.0, 0.0, 0.0], [0.0, 0.0, 0.0], [0.0, 0.0, 0.0], [0.0, 0.0, 0.0], [0.0, 0.0, 0.0], [0.0, 0.0, 0.0], [0.0, 0.0, 0.0], [0.0, 0.0, 0.0], [0.0, 0.0, 0.0], [0.0, 0.0, 0.0], [0.0, 0.0, 0.0], [0.0, 0.0, 0.0], [0.0, 0.0, 0.0], [0.0, 0.0, 0.0], [0.0, 0.0, 0.0]]]
biases=[[1.0, -1.0, 1.0]]
