solver=ha_w
n_hidden_layers=0
examples_per_class=2
examples_skip=0
time_out=5
cp_total_time=0.00034885009129842124
cp_is_sat=True
cp_num_branches=120
cp_num_vars=123
mip_is_sat=True
mip_objective=2.0
mip_bound=2.0
mip_gap=0.0
mip_is_optimal=True
mip_num_nodes=1.0
mip_num_vars=369
cp_weights=[[[-1.0, -1.0, 1.0], [1.0, 0.0, -1.0], [0.0, 1.0, 1.0], [0.0, 0.0, -1.0], [1.0, -1.0, 1.0], [0.0, -1.0, 1.0], [0.0, 1.0, 1.0], [0.0, 1.0, 0.0], [0.0, 1.0, 1.0], [0.0, -1.0, 1.0], [1.0, 1.0, 0.0], [1.0, -1.0, 1.0], [1.0, 1.0, 1.0], [0.0, 0.0, 0.0], [0.0, 1.0, -1.0], [0.0, -1.0, 1.0], [1.0, -1.0, 1.0], [-1.0, 1.0, -1.0], [0.0, 0.0, 0.0], [1.0, 1.0, 1.0], [-1.0, 0.0, -1.0], [1.0, -1.0, -1.0], [1.0, -1.0, -1.0], [0.0, 1.0, -1.0], [1.0, 1.0, 0.0], [1.0, 1.0, 0.0], [-1.0, -1.0, 1.0], [1.0, -1.0, 0.0], [1.0, -1.0, -1.0], [-1.0, -1.0, -1.0], [0.0, 1.0, 0.0], [-1.0, 1.0, 0.0], [1.0, -1.0, 1.0], [1.0, -1.0, 1.0], [1.0, 1.0, 1.0], [1.0, 1.0, -1.0], [0.0, 1.0, 0.0], [-1.0, 1.0, -1.0], [0.0, 1.0, 0.0], [0.0, 1.0, 1.0], [0.0, 0.0, 0.0], [0.0, 0.0, 0.0], [0.0, 0.0, 0.0], [0.0, 0.0, 0.0], [0.0, 0.0, 0.0], [0.0, 0.0, 0.0], [0.0, 0.0, 0.0], [0.0, 0.0, 0.0], [0.0, 0.0, 0.0], [0.0, 0.0, 0.0]]]
cp_biases=[[1.0, 0.0, -1.0]]
total_time=0.006133870283762614
is_sat=True
train_performance=0.33333334
test_performance=0.1445
weights=[[[0.0, 0.0, 0.0], [0.0, 0.0, 0.0], [0.0, 0.0, 0.0], [0.0, 0.0, 0.0], [0.0, 0.0, 0.0], [0.0, -1.0, 0.0], [0.0, 0.0, 0.0], [0.0, 0.0, 0.0], [0.0, 0.0, 0.0], [0.0, 0.0, 0.0], [0.0, 0.0, 0.0], [0.0, 0.0, 0.0], [0.0, 0.0, 0.0], [0.0, 0.0, 0.0], [0.0, 1.0, 0.0], [0.0, 0.0, 0.0], [0.0, 0.0, 0.0], [0.0, 0.0, 0.0], [0.0, 0.0, 0.0], [0.0, 0.0, 0.0], [0.0, 0.0, 0.0], [0.0, 0.0, 0.0], [0.0, 0.0, 0.0], [0.0, 0.0, 0.0], [0.0, 0.0, 0.0], [0.0, 0.0, 0.0], [0.0, 0.0, 0.0], [0.0, 0.0, 0.0], [0.0, 0.0, 0.0], [0.0, 0.0, 0.0], [0.0, 0.0, 0.0], [0.0, 0.0, 0.0], [0.0, 0.0, 0.0], [0.0, 0.0, 0.0], [0.0, 0.0, 0.0], [0.0, 0.0, 0.0], [0.0, 0.0, 0.0], [0.0, 0.0, 0.0], [0.0, 0.0, 0.0], [0.0, 0.0, 0.0], [0.0, 0.0, 0.0], [0.0, 0.0, 0.0], [0.0, 0.0, 0.0], [0.0, 0.0, 0.0], [0.0, 0.0, 0.0], [0.0, 0.0, 0.0], [0.0, 0.0, 0.0], [0.0, 0.0, 0.0], [0.0, 0.0, 0.0], [0.0, 0.0, 0.0]]]
biases=[[0.0, 0.0, 0.0]]
