solver=ha_m
n_hidden_layers=0
examples_per_class=2
examples_skip=0
time_out=5
cp_total_time=0.0005274653434753418
cp_is_sat=True
cp_num_branches=120
cp_num_vars=123
mip_is_sat=True
mip_objective=661.0
mip_bound=661.0
mip_gap=0.0
mip_is_optimal=True
mip_num_nodes=1.0
mip_num_vars=123
cp_weights=[[[-1.0, -1.0, 1.0], [1.0, 0.0, -1.0], [0.0, 1.0, 1.0], [0.0, 0.0, -1.0], [1.0, -1.0, 1.0], [0.0, -1.0, 1.0], [0.0, 1.0, 1.0], [0.0, 1.0, 0.0], [0.0, 1.0, 1.0], [0.0, -1.0, 1.0], [1.0, 1.0, 0.0], [1.0, -1.0, 1.0], [1.0, 1.0, 1.0], [0.0, 0.0, 0.0], [0.0, 1.0, -1.0], [0.0, -1.0, 1.0], [1.0, -1.0, 1.0], [-1.0, 1.0, -1.0], [0.0, 0.0, 0.0], [1.0, 1.0, 1.0], [-1.0, 0.0, -1.0], [1.0, -1.0, -1.0], [1.0, -1.0, -1.0], [0.0, 1.0, -1.0], [1.0, 1.0, 0.0], [1.0, 1.0, 0.0], [-1.0, -1.0, 1.0], [1.0, -1.0, 0.0], [1.0, -1.0, -1.0], [-1.0, -1.0, -1.0], [0.0, 1.0, 0.0], [-1.0, 1.0, 0.0], [1.0, -1.0, 1.0], [1.0, -1.0, 1.0], [1.0, 1.0, 1.0], [1.0, 1.0, -1.0], [0.0, 1.0, 0.0], [-1.0, 1.0, -1.0], [0.0, 1.0, 0.0], [0.0, 1.0, 1.0], [0.0, 0.0, 0.0], [0.0, 0.0, 0.0], [0.0, 0.0, 0.0], [0.0, 0.0, 0.0], [0.0, 0.0, 0.0], [0.0, 0.0, 0.0], [0.0, 0.0, 0.0], [0.0, 0.0, 0.0], [0.0, 0.0, 0.0], [0.0, 0.0, 0.0]]]
cp_biases=[[1.0, 0.0, -1.0]]
total_time=0.0076836307843526205
is_sat=True
train_performance=1.0
test_performance=0.7775
weights=[[[1.0, -1.0, 1.0], [1.0, 0.0, 1.0], [1.0, -1.0, 1.0], [1.0, 1.0, 1.0], [1.0, -1.0, 1.0], [1.0, -1.0, 1.0], [1.0, 1.0, 1.0], [1.0, 0.0, 1.0], [1.0, -1.0, 1.0], [1.0, 1.0, 1.0], [1.0, -1.0, 1.0], [1.0, 1.0, 1.0], [1.0, 1.0, 1.0], [1.0, 1.0, 1.0], [1.0, 1.0, 1.0], [1.0, -1.0, 1.0], [1.0, 1.0, 1.0], [1.0, 1.0, 1.0], [1.0, -1.0, 1.0], [1.0, 1.0, 1.0], [1.0, 1.0, 1.0], [1.0, 1.0, 1.0], [1.0, 1.0, 1.0], [1.0, 1.0, 1.0], [1.0, -1.0, 1.0], [1.0, -1.0, 1.0], [1.0, -1.0, 1.0], [1.0, -1.0, 1.0], [1.0, -1.0, 1.0], [1.0, -1.0, 1.0], [1.0, -1.0, 1.0], [1.0, -1.0, 1.0], [1.0, -1.0, 1.0], [1.0, -1.0, 1.0], [1.0, 1.0, 1.0], [1.0, 1.0, 1.0], [1.0, 1.0, 1.0], [1.0, 1.0, 1.0], [1.0, 1.0, 1.0], [1.0, 1.0, 1.0], [0.0, 0.0, 0.0], [0.0, 0.0, 0.0], [0.0, 0.0, 0.0], [0.0, 0.0, 0.0], [0.0, 0.0, 0.0], [0.0, 0.0, 0.0], [0.0, 0.0, 0.0], [0.0, 0.0, 0.0], [0.0, 0.0, 0.0], [0.0, 0.0, 0.0]]]
biases=[[1.0, -1.0, 1.0]]
