solver=hw_w
n_hidden_layers=0
examples_per_class=3
examples_skip=0
time_out=5
cp_total_time=0.000732878843943278
cp_is_sat=True
cp_num_branches=117
cp_num_vars=123
mip_is_sat=True
mip_objective=9.0
mip_bound=9.0
mip_gap=0.0
mip_is_optimal=True
mip_num_nodes=77.0
mip_num_vars=369
cp_weights=[[[0.0, 1.0, 1.0], [0.0, 0.0, 0.0], [1.0, 1.0, -1.0], [1.0, 0.0, 0.0], [-1.0, -1.0, 1.0], [0.0, 0.0, -1.0], [0.0, -1.0, 0.0], [1.0, 0.0, 1.0], [1.0, 1.0, 1.0], [1.0, 1.0, -1.0], [1.0, 1.0, 1.0], [1.0, -1.0, 0.0], [-1.0, 0.0, -1.0], [-1.0, 1.0, 0.0], [1.0, -1.0, -1.0], [-1.0, 1.0, -1.0], [1.0, 1.0, 1.0], [-1.0, -1.0, 1.0], [-1.0, 0.0, 1.0], [-1.0, 1.0, 0.0], [-1.0, 0.0, 1.0], [1.0, 1.0, -1.0], [1.0, 0.0, 1.0], [1.0, 0.0, -1.0], [-1.0, -1.0, 1.0], [0.0, 1.0, 0.0], [-1.0, 1.0, -1.0], [1.0, 1.0, 1.0], [1.0, 0.0, 1.0], [-1.0, 0.0, -1.0], [0.0, 1.0, 0.0], [0.0, 0.0, -1.0], [1.0, 1.0, 1.0], [0.0, -1.0, 0.0], [-1.0, 0.0, 0.0], [1.0, 1.0, 0.0], [-1.0, 1.0, 1.0], [0.0, 0.0, 1.0], [-1.0, -1.0, -1.0], [0.0, 1.0, 1.0], [0.0, 0.0, 0.0], [0.0, 0.0, 0.0], [0.0, 0.0, 0.0], [0.0, 0.0, 0.0], [0.0, 0.0, 0.0], [0.0, 0.0, 0.0], [0.0, 0.0, 0.0], [0.0, 0.0, 0.0], [0.0, 0.0, 0.0], [0.0, 0.0, 0.0]]]
cp_biases=[[0.0, 0.0, 1.0]]
total_time=0.007124916712443034
is_sat=True
train_performance=0.0
test_performance=0.0
weights=[[[0.0, 0.0, 0.0], [0.0, 0.0, 0.0], [0.0, 0.0, 0.0], [0.0, 0.0, 0.0], [0.0, 0.0, 0.0], [0.0, 0.0, 0.0], [0.0, 0.0, 0.0], [0.0, 0.0, 0.0], [0.0, 0.0, 0.0], [0.0, 0.0, 0.0], [0.0, 0.0, 0.0], [0.0, 0.0, 0.0], [0.0, 0.0, 0.0], [-1.0, -1.0, -1.0], [1.0, 1.0, 1.0], [0.0, 0.0, 0.0], [0.0, 0.0, 0.0], [0.0, 0.0, 0.0], [0.0, 0.0, 0.0], [0.0, 0.0, 0.0], [0.0, 0.0, 0.0], [0.0, 0.0, 0.0], [0.0, 0.0, 0.0], [0.0, 0.0, 0.0], [0.0, 0.0, 0.0], [0.0, 0.0, 0.0], [0.0, 0.0, 0.0], [0.0, 0.0, 0.0], [0.0, 0.0, 0.0], [0.0, 0.0, 0.0], [0.0, 0.0, 0.0], [0.0, 0.0, 0.0], [0.0, 0.0, 0.0], [0.0, 0.0, 0.0], [0.0, 0.0, 0.0], [0.0, 0.0, 0.0], [0.0, 0.0, 0.0], [0.0, 0.0, 0.0], [0.0, 0.0, 0.0], [0.0, 0.0, 0.0], [0.0, 0.0, 0.0], [0.0, 0.0, 0.0], [0.0, 0.0, 0.0], [0.0, 0.0, 0.0], [0.0, 0.0, 0.0], [0.0, 0.0, 0.0], [0.0, 0.0, 0.0], [0.0, 0.0, 0.0], [0.0, 0.0, 0.0], [0.0, 0.0, 0.0]]]
biases=[[-1.0, -1.0, -1.0]]
