solver=ha_m
n_hidden_layers=0
examples_per_class=3
examples_skip=0
time_out=5
cp_total_time=0.00038732687632242837
cp_is_sat=True
cp_num_branches=120
cp_num_vars=123
mip_is_sat=True
mip_objective=868.0
mip_bound=868.0
mip_gap=0.0
mip_is_optimal=True
mip_num_nodes=1.0
mip_num_vars=123
cp_weights=[[[-1.0, -1.0, 1.0], [1.0, 0.0, -1.0], [0.0, 1.0, 1.0], [0.0, 0.0, -1.0], [1.0, -1.0, 1.0], [0.0, -1.0, 1.0], [0.0, 1.0, 1.0], [0.0, 1.0, 0.0], [0.0, 1.0, 1.0], [0.0, -1.0, 1.0], [1.0, 1.0, 0.0], [1.0, -1.0, 1.0], [1.0, 1.0, 1.0], [0.0, 0.0, 0.0], [0.0, 1.0, -1.0], [0.0, -1.0, 1.0], [1.0, -1.0, 1.0], [-1.0, 1.0, -1.0], [0.0, 0.0, 0.0], [1.0, 1.0, 1.0], [-1.0, 0.0, -1.0], [1.0, -1.0, -1.0], [1.0, -1.0, -1.0], [0.0, 1.0, -1.0], [1.0, 1.0, 0.0], [1.0, 1.0, 0.0], [-1.0, -1.0, 1.0], [1.0, -1.0, 0.0], [1.0, -1.0, -1.0], [-1.0, -1.0, -1.0], [0.0, 1.0, 0.0], [-1.0, 1.0, 0.0], [1.0, -1.0, 1.0], [1.0, -1.0, 1.0], [1.0, 1.0, 1.0], [1.0, 1.0, -1.0], [0.0, 1.0, 0.0], [-1.0, 1.0, -1.0], [0.0, 1.0, 0.0], [0.0, 1.0, 1.0], [0.0, 0.0, 0.0], [0.0, 0.0, 0.0], [0.0, 0.0, 0.0], [0.0, 0.0, 0.0], [0.0, 0.0, 0.0], [0.0, 0.0, 0.0], [0.0, 0.0, 0.0], [0.0, 0.0, 0.0], [0.0, 0.0, 0.0], [0.0, 0.0, 0.0]]]
cp_biases=[[1.0, 0.0, -1.0]]
total_time=0.006943889458974202
is_sat=True
train_performance=1.0
test_performance=0.7795
weights=[[[1.0, -1.0, 1.0], [1.0, 1.0, 1.0], [1.0, -1.0, 1.0], [1.0, 1.0, 1.0], [1.0, 1.0, 1.0], [1.0, -1.0, 1.0], [1.0, 1.0, 1.0], [1.0, -1.0, 1.0], [1.0, -1.0, 1.0], [1.0, 1.0, 1.0], [1.0, -1.0, 1.0], [1.0, 1.0, 1.0], [1.0, -1.0, 1.0], [1.0, 1.0, 1.0], [1.0, 1.0, 1.0], [1.0, -1.0, 1.0], [1.0, -1.0, 1.0], [1.0, 1.0, 1.0], [1.0, -1.0, 1.0], [1.0, 1.0, 1.0], [1.0, 0.0, 1.0], [1.0, 1.0, 1.0], [1.0, 1.0, 1.0], [1.0, 1.0, 1.0], [1.0, -1.0, 1.0], [1.0, -1.0, 1.0], [1.0, -1.0, 1.0], [1.0, -1.0, 1.0], [1.0, -1.0, 1.0], [1.0, -1.0, 1.0], [1.0, -1.0, 1.0], [1.0, -1.0, 1.0], [1.0, -1.0, 1.0], [1.0, -1.0, 1.0], [1.0, 1.0, 1.0], [1.0, 1.0, 1.0], [1.0, 1.0, 1.0], [1.0, 1.0, 1.0], [1.0, 1.0, 1.0], [1.0, 1.0, 1.0], [0.0, 0.0, 0.0], [0.0, 0.0, 0.0], [0.0, 0.0, 0.0], [0.0, 0.0, 0.0], [0.0, 0.0, 0.0], [0.0, 0.0, 0.0], [0.0, 0.0, 0.0], [0.0, 0.0, 0.0], [0.0, 0.0, 0.0], [0.0, 0.0, 0.0]]]
biases=[[1.0, 0.0, 1.0]]
