solver=hw_m
n_hidden_layers=0
examples_per_class=1
examples_skip=0
time_out=5
cp_total_time=0.0007291356722513835
cp_is_sat=True
cp_num_branches=102
cp_num_vars=105
mip_is_sat=True
mip_objective=509.9970000000004
mip_bound=509.9970000000004
mip_gap=0.0
mip_is_optimal=True
mip_num_nodes=1.0
mip_num_vars=105
cp_weights=[[[0.0, 1.0, 0.0], [-1.0, -1.0, 1.0], [0.0, 0.0, -1.0], [1.0, -1.0, 1.0], [-1.0, 1.0, 1.0], [1.0, -1.0, 0.0], [-1.0, 0.0, 0.0], [0.0, 0.0, 0.0], [1.0, 1.0, 0.0], [-1.0, 0.0, 0.0], [1.0, 1.0, 0.0], [0.0, 0.0, 0.0], [1.0, -1.0, 1.0], [-1.0, 0.0, 0.0], [1.0, 1.0, -1.0], [0.0, 1.0, 0.0], [-1.0, 1.0, 0.0], [0.0, 0.0, 1.0], [0.0, 0.0, 1.0], [1.0, 1.0, 0.0], [0.0, -1.0, 1.0], [0.0, 1.0, 1.0], [-1.0, 0.0, 0.0], [1.0, 1.0, 0.0], [0.0, 1.0, -1.0], [-1.0, 1.0, 1.0], [-1.0, 0.0, 1.0], [-1.0, -1.0, -1.0], [-1.0, 0.0, 0.0], [-1.0, 0.0, 0.0], [0.0, -1.0, -1.0], [0.0, 1.0, 1.0], [1.0, 1.0, -1.0], [1.0, 0.0, -1.0], [0.0, 0.0, 0.0], [0.0, 0.0, 0.0], [0.0, 0.0, 0.0], [0.0, 0.0, 0.0], [0.0, 0.0, 0.0], [0.0, 0.0, 0.0], [0.0, 0.0, 0.0], [0.0, 0.0, 0.0], [0.0, 0.0, 0.0], [0.0, 0.0, 0.0], [0.0, 0.0, 0.0], [0.0, 0.0, 0.0], [0.0, 0.0, 0.0], [0.0, 0.0, 0.0], [0.0, 0.0, 0.0], [0.0, 0.0, 0.0]]]
cp_biases=[[-1.0, 0.0, 0.0]]
total_time=0.0034197012583414713
is_sat=True
train_performance=0.33333334
test_performance=0.4155
weights=[[[-1.0, -1.0, -1.0], [-1.0, -1.0, -1.0], [-1.0, -1.0, -1.0], [-1.0, -1.0, -1.0], [-1.0, -1.0, -1.0], [-1.0, -1.0, -1.0], [1.0, 1.0, 1.0], [-1.0, -1.0, -1.0], [-1.0, -1.0, -1.0], [-1.0, -1.0, -1.0], [1.0, 1.0, 1.0], [1.0, 1.0, 1.0], [-1.0, -1.0, -1.0], [1.0, 1.0, 1.0], [1.0, 1.0, 1.0], [1.0, 1.0, 1.0], [1.0, 1.0, 1.0], [1.0, 1.0, 1.0], [1.0, 1.0, 1.0], [1.0, 1.0, 1.0], [1.0, 1.0, 1.0], [1.0, 1.0, 1.0], [1.0, 1.0, 1.0], [1.0, 1.0, 1.0], [1.0, 1.0, 1.0], [1.0, 1.0, 1.0], [1.0, 1.0, 1.0], [1.0, 1.0, 1.0], [1.0, 1.0, 1.0], [1.0, 1.0, 1.0], [1.0, 1.0, 1.0], [1.0, 1.0, 1.0], [1.0, 1.0, 1.0], [1.0, 1.0, 1.0], [0.0, 0.0, 0.0], [0.0, 0.0, 0.0], [0.0, 0.0, 0.0], [0.0, 0.0, 0.0], [0.0, 0.0, 0.0], [0.0, 0.0, 0.0], [0.0, 0.0, 0.0], [0.0, 0.0, 0.0], [0.0, 0.0, 0.0], [0.0, 0.0, 0.0], [0.0, 0.0, 0.0], [0.0, 0.0, 0.0], [0.0, 0.0, 0.0], [0.0, 0.0, 0.0], [0.0, 0.0, 0.0], [0.0, 0.0, 0.0]]]
biases=[[-1.0, -1.0, -1.0]]
