solver=hw_m
n_hidden_layers=0
examples_per_class=2
examples_skip=0
time_out=5
cp_total_time=0.0003373543421427409
cp_is_sat=True
cp_num_branches=120
cp_num_vars=123
mip_is_sat=True
mip_objective=677.997
mip_bound=677.997
mip_gap=0.0
mip_is_optimal=True
mip_num_nodes=0.0
mip_num_vars=123
cp_weights=[[[-1.0, -1.0, 1.0], [1.0, 0.0, -1.0], [0.0, 1.0, 1.0], [0.0, 0.0, -1.0], [1.0, -1.0, 1.0], [0.0, -1.0, 1.0], [0.0, 1.0, 1.0], [0.0, 1.0, 0.0], [0.0, 1.0, 1.0], [0.0, -1.0, 1.0], [1.0, 1.0, 0.0], [1.0, -1.0, 1.0], [1.0, 1.0, 1.0], [0.0, 0.0, 0.0], [0.0, 1.0, -1.0], [0.0, -1.0, 1.0], [1.0, -1.0, 1.0], [-1.0, 1.0, -1.0], [0.0, 0.0, 0.0], [1.0, 1.0, 1.0], [-1.0, 0.0, -1.0], [1.0, -1.0, -1.0], [1.0, -1.0, -1.0], [0.0, 1.0, -1.0], [1.0, 1.0, 0.0], [1.0, 1.0, 0.0], [-1.0, -1.0, 1.0], [1.0, -1.0, 0.0], [1.0, -1.0, -1.0], [-1.0, -1.0, -1.0], [0.0, 1.0, 0.0], [-1.0, 1.0, 0.0], [1.0, -1.0, 1.0], [1.0, -1.0, 1.0], [1.0, 1.0, 1.0], [1.0, 1.0, -1.0], [0.0, 1.0, 0.0], [-1.0, 1.0, -1.0], [0.0, 1.0, 0.0], [0.0, 1.0, 1.0], [0.0, 0.0, 0.0], [0.0, 0.0, 0.0], [0.0, 0.0, 0.0], [0.0, 0.0, 0.0], [0.0, 0.0, 0.0], [0.0, 0.0, 0.0], [0.0, 0.0, 0.0], [0.0, 0.0, 0.0], [0.0, 0.0, 0.0], [0.0, 0.0, 0.0]]]
cp_biases=[[1.0, 0.0, -1.0]]
total_time=0.005959264437357585
is_sat=True
train_performance=0.33333334
test_performance=0.2565
weights=[[[-1.0, -1.0, -1.0], [-1.0, -1.0, -1.0], [-1.0, -1.0, -1.0], [-1.0, -1.0, -1.0], [-1.0, -1.0, -1.0], [-1.0, -1.0, -1.0], [-1.0, -1.0, -1.0], [1.0, 1.0, 1.0], [-1.0, -1.0, -1.0], [-1.0, -1.0, -1.0], [-1.0, -1.0, -1.0], [-1.0, -1.0, -1.0], [1.0, 1.0, 1.0], [1.0, 1.0, 1.0], [1.0, 1.0, 1.0], [1.0, 1.0, 1.0], [-1.0, -1.0, -1.0], [1.0, 1.0, 1.0], [1.0, 1.0, 1.0], [-1.0, -1.0, -1.0], [1.0, 1.0, 1.0], [1.0, 1.0, 1.0], [1.0, 1.0, 1.0], [1.0, 1.0, 1.0], [-0.0, 0.0, 0.0], [1.0, 1.0, 1.0], [1.0, 1.0, 1.0], [1.0, 1.0, 1.0], [-1.0, -1.0, -1.0], [1.0, 1.0, 1.0], [-0.0, 0.0, 0.0], [1.0, 1.0, 1.0], [1.0, 1.0, 1.0], [1.0, 1.0, 1.0], [1.0, 1.0, 1.0], [1.0, 1.0, 1.0], [1.0, 1.0, 1.0], [1.0, 1.0, 1.0], [1.0, 1.0, 1.0], [1.0, 1.0, 1.0], [0.0, 0.0, 0.0], [0.0, 0.0, 0.0], [0.0, 0.0, 0.0], [0.0, 0.0, 0.0], [0.0, 0.0, 0.0], [0.0, 0.0, 0.0], [0.0, 0.0, 0.0], [0.0, 0.0, 0.0], [0.0, 0.0, 0.0], [0.0, 0.0, 0.0]]]
biases=[[-1.0, -1.0, -1.0]]
