solver=hw_m
n_hidden_layers=0
examples_per_class=3
examples_skip=0
time_out=5
cp_total_time=0.0007758378982543945
cp_is_sat=True
cp_num_branches=117
cp_num_vars=123
mip_is_sat=True
mip_objective=932.9970000000003
mip_bound=932.9970000000003
mip_gap=0.0
mip_is_optimal=True
mip_num_nodes=1.0
mip_num_vars=123
cp_weights=[[[0.0, 1.0, 1.0], [0.0, 0.0, 0.0], [1.0, 1.0, -1.0], [1.0, 0.0, 0.0], [-1.0, -1.0, 1.0], [0.0, 0.0, -1.0], [0.0, -1.0, 0.0], [1.0, 0.0, 1.0], [1.0, 1.0, 1.0], [1.0, 1.0, -1.0], [1.0, 1.0, 1.0], [1.0, -1.0, 0.0], [-1.0, 0.0, -1.0], [-1.0, 1.0, 0.0], [1.0, -1.0, -1.0], [-1.0, 1.0, -1.0], [1.0, 1.0, 1.0], [-1.0, -1.0, 1.0], [-1.0, 0.0, 1.0], [-1.0, 1.0, 0.0], [-1.0, 0.0, 1.0], [1.0, 1.0, -1.0], [1.0, 0.0, 1.0], [1.0, 0.0, -1.0], [-1.0, -1.0, 1.0], [0.0, 1.0, 0.0], [-1.0, 1.0, -1.0], [1.0, 1.0, 1.0], [1.0, 0.0, 1.0], [-1.0, 0.0, -1.0], [0.0, 1.0, 0.0], [0.0, 0.0, -1.0], [1.0, 1.0, 1.0], [0.0, -1.0, 0.0], [-1.0, 0.0, 0.0], [1.0, 1.0, 0.0], [-1.0, 1.0, 1.0], [0.0, 0.0, 1.0], [-1.0, -1.0, -1.0], [0.0, 1.0, 1.0], [0.0, 0.0, 0.0], [0.0, 0.0, 0.0], [0.0, 0.0, 0.0], [0.0, 0.0, 0.0], [0.0, 0.0, 0.0], [0.0, 0.0, 0.0], [0.0, 0.0, 0.0], [0.0, 0.0, 0.0], [0.0, 0.0, 0.0], [0.0, 0.0, 0.0]]]
cp_biases=[[0.0, 0.0, 1.0]]
total_time=0.004283042748769125
is_sat=True
train_performance=0.44444445
test_performance=0.298
weights=[[[-1.0, -1.0, -1.0], [-1.0, -1.0, -1.0], [-1.0, -1.0, -1.0], [-1.0, -1.0, -1.0], [-1.0, -1.0, -1.0], [-1.0, -1.0, -1.0], [-1.0, -1.0, -1.0], [-1.0, -1.0, -1.0], [-1.0, -1.0, -1.0], [1.0, 1.0, 1.0], [1.0, 1.0, 1.0], [1.0, 1.0, 1.0], [0.0, 0.0, 0.0], [0.0, 0.0, 0.0], [1.0, 1.0, 1.0], [1.0, 1.0, 1.0], [-1.0, -1.0, -1.0], [1.0, 1.0, 1.0], [1.0, 1.0, 1.0], [-1.0, -1.0, -1.0], [1.0, 1.0, 1.0], [1.0, 1.0, 1.0], [-1.0, -1.0, -1.0], [1.0, 1.0, 1.0], [1.0, 1.0, 1.0], [1.0, 1.0, 1.0], [1.0, 1.0, 1.0], [0.0, 0.0, 0.0], [1.0, 1.0, 1.0], [1.0, 1.0, 1.0], [1.0, 1.0, 1.0], [1.0, 1.0, 1.0], [1.0, 1.0, 1.0], [1.0, 1.0, 1.0], [1.0, 1.0, 1.0], [1.0, 1.0, 1.0], [1.0, 1.0, 1.0], [1.0, 1.0, 1.0], [1.0, 1.0, 1.0], [1.0, 1.0, 1.0], [0.0, 0.0, 0.0], [0.0, 0.0, 0.0], [0.0, 0.0, 0.0], [0.0, 0.0, 0.0], [0.0, 0.0, 0.0], [0.0, 0.0, 0.0], [0.0, 0.0, 0.0], [0.0, 0.0, 0.0], [0.0, 0.0, 0.0], [0.0, 0.0, 0.0]]]
biases=[[-1.0, -1.0, -1.0]]
